---
title: 2023年10月1日-12月31日决算及2024上半年预算
date: 2024-1-2 10:29:04
tags:
  - 预算决算
categories: 生活记录
password: allensu
---

## 2023年10月1日-12月31日决算
### 分科目汇总
| 科目 | 10月 | 11月 | 12月 | 合计 |
| :--: | :--: | ---- | ---- | ---- |
| 餐饮 | 1075.04 | 1005.5 | 970.3 | 3050.84 |
| 日用品 | 606.63 | 489.43 | 102.78 | 1198.84 |
| 娱乐网费 | 323.9 | 110 | 59.94 | 493.84 |
| 住房 | 1120 | 1120 | 1120 | 3360 |
| 交通 | 44 | 92 | 73.36 | 209.36 |
| 医疗 | 33.5 | 0 | 37.2 | 70.7 |
| 旅行 | 90 | 0 | 0 | 90 |
| 家具电器 | 7513.75 | 298.74 | 937.69 | 8750.18 |
| 衣服 | 0 | 421.86 | 359 | 780.86 |
| 其他 | 110.6 | 197.14 | 0 | 307.74 |
| 合计 | 10917.42 | 3734.67 | 3660.27 | 18312.36 |

### 简要说明
1. 餐饮包括校园卡充值、超市购买肉菜零食水果等食物、不定期购买牛奶饮料、不定期聚餐等饮食方面的支出。
2. 日用品包括卷纸、湿厕纸、酒精湿巾、洗脸巾等各类日用消耗品，同时理发的费用也计入该分类。
3. 娱乐网费包括游戏月卡、vpn费用和偶尔充值的话费网费。
4. 住房为房租和物业费，暂未统计水电。
5. 交通包括公交地铁和偶尔打车，公交部分的支出有一些是支付宝预充值，尚未实际支出，也先计入。
6. 医疗目前是偶尔买药的花费。
7. 旅行目前就去了北九水。
8. 家具电器是买电脑、桌子、电暖器等各类家具的费用，也包括了插座、插线板等，其中10月购买了电脑（7188），12月购买了手环（549），因此支出较多。
9. 衣服是购买各类服装包括鞋子的支出。
10. 其他包括了买东西送人、捐款等不好分类的小额支出。

## 2024上半年预算
| 科目 | 单月平均 | 合计 |
| :--: | :--: | ---- |
| 餐饮 | 1000 | 6000 |
| 日用品 | 120 | 720 |
| 娱乐网费 | 100 | 600 |
| 住房 | 1120 | 6720 |
| 交通 | 50 | 300 |
| 医疗 | 20 | 120 |
| 旅行 | 50 | 300 |
| 家具电器 | 100 | 600 |
| 衣服 | 100 | 600 |
| 其他 | 100 | 600 |
| 合计 | 2760 | 16560 |
1. 日用品等科目是根据之前预估的，不一定准确，还需要再调整。
2. 水电燃气暖气费届时应该要再加上，因为不确定花费，所以暂不包含到预算中。
3. 23年基本买了常用的家具电器，24年应该不会买什么了，考虑到工作稳定后可能会买一些做饭用的东西，暂预留每月100。
4. 娱乐网费目前是按之前平均算的，因为工作稳定后可能会办新的电话卡或宽带，所以暂按每月100算。
5. 房租和物业费是固定的。
6. 每天出门如果坐公交，单次是1.6，回家尽量坐学校的车，按每天上班都坐公交则一个月是32，加上中间可能发生的出差交通费、去市区玩的地铁费等，暂时按每月50算。
7. 旅行部分等春天气候好了以后可能再去景区逛逛，暂按总计300的预算。
8. 餐饮、衣服和其他都是按之前平均的，应该差不多。
9. 希望放假前能有入职的消息吧，到时候再根据工资调整。